Lasso mean_squared_error scores poly 1
5000: [  -36.30367944 -1161.43222968  -175.02720531   -17.67862189
   -69.24844292]
500: [  -36.30367944 -1161.43222968  -175.02720531   -17.67862189
   -69.24844292]
50: [  -55.4986648  -1161.43222968  -174.99311696   -17.67862189
   -70.04492044]
5: [  -79.18112698 -1162.99270096  -175.61416345   -16.5049885
   -74.35572824]
0.5: [  -95.35730405 -1162.31487832  -187.96751254   -18.58428572
   -71.33665384]
0.05: [  -90.62585429 -1161.18580463  -178.56516527   -24.53567497
   -76.92846305]
0.005: [  -95.46858819 -1157.13664547  -177.80503281   -26.51993124
   -78.45919094]

Lasso mean_squared_error scores poly 2
5000: [  -60.73180791 -1162.3313063   -175.18044385   -16.40347565
   -71.05432283]
500: [  -83.30464907 -1162.8048758   -177.66485656   -18.63912476
   -83.13696978]
50: [ -465.70217837 -1170.52345015  -196.1422419    -20.77524524
  -147.12343791]
5: [ -779.98463499 -1160.51311263  -203.80705011   -35.95479057
  -204.53318689]
0.5: [-3479.25313076 -1171.46947464  -536.85378724   -74.25022349
 -1138.83227471]
0.05: [-3743.79764941 -1181.40886706 -1847.60834349  -112.15975356
 -1377.06002517]
0.005: [-3991.14106355 -1198.07846344 -2006.46980376  -130.88463594
 -1299.84697454]

Ridge mean_squared_error scores  poly 1
5000: [  -94.49592741 -1163.79879932  -180.86430426   -18.04341629
   -73.48668035]
500: [  -94.70111106 -1164.27235112  -186.5124321    -19.82059291
   -71.32220995]
50: [  -86.06456327 -1162.46284228  -182.62735806   -21.68576525
   -71.87161024]
5: [  -94.54694295 -1159.65340791  -179.10787155   -25.68979615
   -76.48724599]
0.5: [  -96.16303614 -1158.66476314  -178.56535477   -26.77703422
   -78.48472751]
0.05: [  -98.8786043  -1158.35057736  -177.96305153   -26.82772233
   -78.73115955]
0.005: [ -104.54488783 -1158.2433851   -178.6818041    -26.9360448
   -78.80588296]

Ridge mean_squared_error scores  poly 2
5000: [-2522.71345719 -1172.27372331  -275.30982059   -44.52428217
  -314.67916562]
500: [-8008.47983191 -1185.32065666  -400.30983725   -59.66036903
  -801.13122055]
50: [-29495.52005706  -1184.81898834   -575.55395194   -105.03648731
  -2745.22846421]
5: [-34805.82881443  -1226.55174087   -927.5448542    -160.7374064
  -4914.74407682]
0.5: [-21786.58866292  -1369.44553357  -1233.95715591   -355.95882094
  -6404.34107597]
0.05: [-52455.31160009  -2228.648625    -3142.61103377   -829.31001887
  -8276.35818993]
0.005: [-972960.60171978   -6218.40822757   -9640.75394796   -1225.80813945
   -8870.26363651]


KNN mean_squared_error scores poly 1
100: [-2105.25462963 -1214.65046296  -675.49537037   -12.65740741
   -83.92757009]
50: [-2105.25462963 -1214.65046296  -675.49537037   -12.65740741
   -83.92757009]
10: [-2105.25462963 -1214.65046296  -675.49537037   -12.65740741
   -83.92757009]
5: [-2105.25462963 -1214.65046296  -675.49537037   -12.65740741
   -83.92757009]
1: [-2105.25462963 -1214.65046296  -675.49537037   -12.65740741
   -83.92757009]

KNN mean_squared_error scores  poly 2
100: [-2183.67361111 -1224.38657407  -705.80092593  -381.69212963
  -184.72663551]
50: [-2183.67361111 -1224.38657407  -705.80092593  -381.69212963
  -184.72663551]
10: [-2183.67361111 -1224.38657407  -705.80092593  -381.69212963
  -184.72663551]
5: [-2183.67361111 -1224.38657407  -705.80092593  -381.69212963
  -184.72663551]
1: [-2183.67361111 -1224.38657407  -705.80092593  -381.69212963
  -184.72663551]